[1, 1, [2, 1], [2, 2], [1, 2]]
[1, 2, [2, 5], [2, 4], [1, 4]]
[1, 3, [1, 5], [0, 5], [0, 4]]
[1, 4, [2, 3], [1, 3], [0, 3]]
[1, 5, [0, 2], [0, 1], [0, 0]]
[1, 6, [2, 0], [1, 0], [1, 1]]
[2, 1, [0, 5], [1, 4], [1, 5]]
[2, 2, [0, 0], [1, 0], [2, 0]]
[2, 3, [0, 1], [1, 1], [0, 2]]
[2, 4, [1, 2], [2, 1], [2, 2]]
[2, 5, [0, 3], [1, 3], [0, 4]]
[2, 6, [2, 3], [2, 4], [2, 5]]
[3, 1, [1, 5], [2, 4], [2, 5]]
[3, 2, [0, 0], [0, 1], [1, 1]]
[3, 3, [1, 0], [2, 0], [2, 1]]
[3, 4, [0, 2], [1, 2], [2, 2]]
[3, 5, [0, 3], [0, 4], [0, 5]]
[3, 6, [1, 3], [2, 3], [1, 4]]
[4, 1, [2, 4], [2, 5], [1, 5]]
[4, 2, [0, 0], [0, 1], [0, 2]]
[4, 3, [1, 0], [2, 0], [1, 1]]
[4, 4, [2, 1], [2, 2], [1, 2]]
[4, 5, [0, 3], [1, 3], [2, 3]]
[4, 6, [1, 4], [0, 4], [0, 5]]
[5, 1, [1, 4], [2, 4], [2, 5]]
[5, 2, [0, 0], [0, 1], [0, 2]]
[5, 3, [1, 0], [2, 0], [1, 1]]
[5, 4, [2, 1], [2, 2], [2, 3]]
[5, 5, [1, 2], [1, 3], [0, 3]]
[5, 6, [0, 4], [0, 5], [1, 5]]
[6, 1, [2, 4], [1, 5], [2, 5]]
[6, 2, [0, 0], [1, 0], [2, 0]]
[6, 3, [0, 1], [1, 1], [0, 2]]
[6, 4, [2, 1], [1, 2], [2, 2]]
[6, 5, [0, 3], [1, 3], [2, 3]]
[6, 6, [0, 4], [1, 4], [0, 5]]
[7, 1, [1, 4], [2, 4], [2, 5]]
[7, 2, [0, 0], [1, 0], [2, 0]]
[7, 3, [0, 1], [1, 1], [2, 1]]
[7, 4, [0, 2], [1, 2], [0, 3]]
[7, 5, [1, 3], [2, 3], [2, 2]]
[7, 6, [0, 4], [0, 5], [1, 5]]
[8, 1, [1, 4], [2, 4], [2, 5]]
[8, 2, [0, 0], [1, 0], [2, 0]]
[8, 3, [1, 1], [2, 1], [2, 2]]
[8, 4, [0, 1], [0, 2], [0, 3]]
[8, 5, [1, 2], [1, 3], [2, 3]]
[8, 6, [0, 4], [0, 5], [1, 5]]
[9, 1, [0, 5], [1, 5], [2, 5]]
[9, 2, [0, 0], [0, 1], [1, 1]]
[9, 3, [1, 0], [2, 0], [2, 1]]
[9, 4, [0, 2], [0, 3], [0, 4]]
[9, 5, [1, 2], [2, 2], [2, 3]]
[9, 6, [1, 3], [1, 4], [2, 4]]
[10, 1, [2, 3], [2, 4], [2, 5]]
[10, 2, [0, 0], [0, 1], [0, 2]]
[10, 3, [1, 0], [2, 0], [1, 1]]
[10, 4, [1, 2], [2, 1], [2, 2]]
[10, 5, [0, 3], [0, 4], [0, 5]]
[10, 6, [1, 3], [1, 4], [1, 5]]
[11, 1, [1, 5], [2, 4], [2, 5]]
[11, 2, [0, 0], [1, 0], [2, 0]]
[11, 3, [0, 1], [1, 1], [0, 2]]
[11, 4, [1, 2], [2, 2], [2, 1]]
[11, 5, [0, 3], [0, 4], [0, 5]]
[11, 6, [1, 3], [2, 3], [1, 4]]
[12, 1, [1, 5], [2, 4], [2, 5]]
[12, 2, [0, 0], [1, 0], [2, 0]]
[12, 3, [0, 1], [1, 1], [2, 1]]
[12, 4, [0, 2], [1, 2], [2, 2]]
[12, 5, [0, 3], [0, 4], [0, 5]]
[12, 6, [1, 3], [2, 3], [1, 4]]
[13, 1, [1, 5], [2, 5], [2, 4]]
[13, 2, [0, 0], [1, 0], [2, 0]]
[13, 3, [0, 1], [0, 2], [0, 3]]
[13, 4, [1, 1], [1, 2], [1, 3]]
[13, 5, [2, 1], [2, 2], [2, 3]]
[13, 6, [0, 4], [1, 4], [0, 5]]
[14, 1, [1, 5], [2, 5], [2, 4]]
[14, 2, [0, 0], [1, 0], [0, 1]]
[14, 3, [1, 1], [2, 1], [2, 0]]
[14, 4, [0, 2], [1, 2], [0, 3]]
[14, 5, [1, 3], [2, 3], [2, 2]]
[14, 6, [0, 4], [1, 4], [0, 5]]
[15, 1, [0, 5], [1, 5], [2, 5]]
[15, 2, [0, 0], [0, 1], [0, 2]]
[15, 3, [1, 0], [2, 0], [1, 1]]
[15, 4, [1, 2], [2, 1], [2, 2]]
[15, 5, [0, 3], [1, 3], [0, 4]]
[15, 6, [1, 4], [2, 4], [2, 3]]
[16, 1, [1, 4], [1, 5], [2, 5]]
[16, 2, [0, 0], [0, 1], [0, 2]]
[16, 3, [2, 1], [1, 0], [2, 0]]
[16, 4, [1, 1], [1, 2], [1, 3]]
[16, 5, [2, 2], [2, 3], [2, 4]]
[16, 6, [0, 3], [0, 4], [0, 5]]
[17, 1, [1, 5], [2, 4], [2, 5]]
[17, 2, [0, 0], [1, 0], [0, 1]]
[17, 3, [1, 1], [2, 1], [2, 0]]
[17, 4, [0, 2], [1, 2], [2, 2]]
[17, 5, [0, 3], [0, 4], [0, 5]]
[17, 6, [1, 3], [2, 3], [1, 4]]
[18, 1, [1, 5], [2, 4], [2, 5]]
[18, 2, [0, 0], [1, 0], [1, 1]]
[18, 3, [2, 0], [2, 1], [2, 2]]
[18, 4, [0, 1], [0, 2], [1, 2]]
[18, 5, [0, 3], [1, 3], [2, 3]]
[18, 6, [0, 4], [0, 5], [1, 4]]
[19, 1, [0, 3], [0, 4], [0, 5]]
[19, 2, [0, 0], [1, 0], [2, 0]]
[19, 3, [1, 1], [2, 1], [2, 2]]
[19, 4, [0, 1], [0, 2], [1, 2]]
[19, 5, [1, 3], [2, 3], [2, 4]]
[19, 6, [1, 4], [1, 5], [2, 5]]
[20, 1, [2, 3], [2, 4], [2, 5]]
[20, 2, [0, 0], [1, 0], [0, 1]]
[20, 3, [1, 1], [2, 0], [2, 1]]
[20, 4, [0, 2], [1, 2], [2, 2]]
[20, 5, [0, 3], [1, 3], [1, 4]]
[20, 6, [0, 4], [0, 5], [1, 5]]
[21, 1, [1, 4], [2, 4], [2, 5]]
[21, 2, [0, 0], [1, 0], [1, 1]]
[21, 3, [0, 1], [0, 2], [1, 2]]
[21, 4, [2, 0], [2, 1], [2, 2]]
[21, 5, [0, 3], [1, 3], [2, 3]]
[21, 6, [0, 4], [0, 5], [1, 5]]
[22, 1, [2, 4], [2, 5], [1, 5]]
[22, 2, [0, 0], [1, 0], [1, 1]]
[22, 3, [2, 0], [2, 1], [2, 2]]
[22, 4, [0, 1], [0, 2], [0, 3]]
[22, 5, [1, 2], [1, 3], [2, 3]]
[22, 6, [0, 4], [1, 4], [0, 5]]
[23, 1, [1, 4], [2, 4], [2, 5]]
[23, 2, [0, 0], [1, 0], [2, 0]]
[23, 3, [0, 1], [0, 2], [1, 2]]
[23, 4, [1, 1], [2, 1], [2, 2]]
[23, 5, [0, 3], [1, 3], [2, 3]]
[23, 6, [0, 4], [0, 5], [1, 5]]
[24, 1, [1, 5], [2, 5], [2, 4]]
[24, 2, [0, 0], [1, 0], [2, 0]]
[24, 3, [0, 1], [1, 1], [2, 1]]
[24, 4, [0, 2], [0, 3], [1, 3]]
[24, 5, [1, 2], [2, 2], [2, 3]]
[24, 6, [0, 4], [0, 5], [1, 4]]
[25, 1, [1, 5], [2, 4], [2, 5]]
[25, 2, [0, 0], [1, 0], [2, 0]]
[25, 3, [0, 1], [0, 2], [1, 1]]
[25, 4, [2, 1], [2, 2], [2, 3]]
[25, 5, [0, 3], [1, 2], [1, 3]]
[25, 6, [0, 4], [0, 5], [1, 4]]
[26, 1, [0, 5], [1, 5], [2, 5]]
[26, 2, [1, 0], [0, 0], [0, 1]]
[26, 3, [2, 0], [2, 1], [1, 1]]
[26, 4, [1, 2], [0, 2], [0, 3]]
[26, 5, [2, 2], [2, 3], [2, 4]]
[26, 6, [1, 3], [1, 4], [0, 4]]
[27, 1, [2, 3], [2, 4], [2, 5]]
[27, 2, [0, 0], [1, 0], [1, 1]]
[27, 3, [2, 0], [2, 1], [2, 2]]
[27, 4, [0, 1], [0, 2], [1, 2]]
[27, 5, [0, 3], [0, 4], [0, 5]]
[27, 6, [1, 3], [1, 4], [1, 5]]
[28, 1, [0, 4], [0, 5], [1, 5]]
[28, 2, [0, 0], [1, 0], [2, 0]]
[28, 3, [0, 1], [0, 2], [1, 2]]
[28, 4, [1, 1], [2, 1], [2, 2]]
[28, 5, [0, 3], [1, 3], [1, 4]]
[28, 6, [2, 3], [2, 4], [2, 5]]
[29, 1, [0, 4], [0, 5], [1, 5]]
[29, 2, [0, 0], [1, 0], [2, 0]]
[29, 3, [0, 1], [1, 1], [2, 1]]
[29, 4, [0, 2], [1, 2], [2, 2]]
[29, 5, [0, 3], [1, 3], [1, 4]]
[29, 6, [2, 3], [2, 4], [2, 5]]
[30, 1, [1, 4], [2, 4], [2, 5]]
[30, 2, [0, 0], [1, 0], [2, 0]]
[30, 3, [0, 1], [0, 2], [0, 3]]
[30, 4, [1, 1], [1, 2], [1, 3]]
[30, 5, [2, 1], [2, 2], [2, 3]]
[30, 6, [0, 4], [0, 5], [1, 5]]
[31, 1, [1, 4], [2, 4], [2, 5]]
[31, 2, [0, 0], [0, 1], [1, 1]]
[31, 3, [1, 0], [2, 0], [2, 1]]
[31, 4, [0, 2], [0, 3], [1, 3]]
[31, 5, [1, 2], [2, 2], [2, 3]]
[31, 6, [0, 4], [0, 5], [1, 5]]
[32, 1, [0, 5], [1, 5], [2, 5]]
[32, 2, [0, 0], [1, 0], [1, 1]]
[32, 3, [2, 0], [2, 1], [2, 2]]
[32, 4, [0, 1], [0, 2], [1, 2]]
[32, 5, [0, 3], [0, 4], [1, 4]]
[32, 6, [1, 3], [2, 3], [2, 4]]
[33, 1, [0, 5], [1, 5], [1, 4]]
[33, 2, [0, 1], [0, 0], [1, 0]]
[33, 3, [2, 0], [2, 1], [2, 2]]
[33, 4, [1, 1], [1, 2], [1, 3]]
[33, 5, [0, 2], [0, 3], [0, 4]]
[33, 6, [2, 3], [2, 4], [2, 5]]
[34, 1, [0, 4], [0, 5], [1, 5]]
[34, 2, [0, 0], [0, 1], [1, 1]]
[34, 3, [1, 0], [2, 0], [2, 1]]
[34, 4, [0, 2], [1, 2], [2, 2]]
[34, 5, [0, 3], [1, 3], [1, 4]]
[34, 6, [2, 3], [2, 4], [2, 5]]
[35, 1, [1, 4], [2, 4], [2, 5]]
[35, 2, [0, 0], [1, 0], [2, 0]]
[35, 3, [0, 1], [1, 1], [2, 1]]
[35, 4, [0, 2], [1, 2], [2, 2]]
[35, 5, [0, 3], [1, 3], [2, 3]]
[35, 6, [0, 4], [0, 5], [1, 5]]
[36, 1, [0, 4], [0, 5], [1, 5]]
[36, 2, [0, 0], [1, 0], [2, 0]]
[36, 3, [1, 1], [0, 1], [0, 2]]
[36, 4, [2, 1], [2, 2], [1, 2]]
[36, 5, [0, 3], [1, 3], [1, 4]]
[36, 6, [2, 3], [2, 4], [2, 5]]
[37, 1, [0, 5], [1, 5], [2, 5]]
[37, 2, [0, 0], [0, 1], [1, 1]]
[37, 3, [1, 0], [2, 0], [2, 1]]
[37, 4, [1, 2], [0, 2], [0, 3]]
[37, 5, [2, 2], [2, 3], [1, 3]]
[37, 6, [0, 4], [1, 4], [2, 4]]
[38, 1, [0, 5], [1, 5], [2, 5]]
[38, 2, [0, 0], [0, 1], [0, 2]]
[38, 3, [1, 1], [1, 2], [1, 0]]
[38, 4, [2, 0], [2, 1], [2, 2]]
[38, 5, [0, 3], [0, 4], [1, 4]]
[38, 6, [1, 3], [2, 3], [2, 4]]
[39, 1, [2, 4], [1, 5], [2, 5]]
[39, 2, [0, 0], [0, 1], [0, 2]]
[39, 3, [1, 0], [1, 1], [2, 0]]
[39, 4, [2, 1], [2, 2], [2, 3]]
[39, 5, [0, 3], [1, 3], [1, 2]]
[39, 6, [0, 4], [0, 5], [1, 4]]
[40, 1, [0, 5], [1, 5], [2, 5]]
[40, 2, [0, 0], [1, 0], [2, 0]]
[40, 3, [0, 1], [1, 1], [0, 2]]
[40, 4, [2, 1], [2, 2], [1, 2]]
[40, 5, [0, 3], [1, 3], [0, 4]]
[40, 6, [2, 3], [2, 4], [1, 4]]
[41, 1, [0, 5], [1, 5], [2, 5]]
[41, 2, [0, 0], [1, 0], [2, 0]]
[41, 3, [0, 1], [1, 1], [2, 1]]
[41, 4, [0, 2], [0, 3], [0, 4]]
[41, 5, [1, 2], [1, 3], [1, 4]]
[41, 6, [2, 2], [2, 3], [2, 4]]
[42, 1, [1, 4], [2, 4], [2, 5]]
[42, 2, [0, 0], [1, 0], [2, 0]]
[42, 3, [0, 1], [0, 2], [0, 3]]
[42, 4, [1, 1], [1, 2], [2, 1]]
[42, 5, [1, 3], [2, 3], [2, 2]]
[42, 6, [0, 4], [0, 5], [1, 5]]
[43, 1, [0, 5], [1, 5], [2, 5]]
[43, 2, [0, 0], [0, 1], [1, 1]]
[43, 3, [1, 0], [2, 0], [2, 1]]
[43, 4, [0, 2], [0, 3], [0, 4]]
[43, 5, [2, 2], [1, 2], [1, 3]]
[43, 6, [2, 3], [2, 4], [1, 4]]
[44, 1, [1, 4], [1, 5], [2, 5]]
[44, 2, [0, 0], [0, 1], [0, 2]]
[44, 3, [1, 0], [1, 1], [1, 2]]
[44, 4, [2, 0], [2, 1], [2, 2]]
[44, 5, [0, 3], [0, 4], [0, 5]]
[44, 6, [1, 3], [2, 3], [2, 4]]
[45, 1, [1, 4], [2, 4], [2, 5]]
[45, 2, [0, 0], [0, 1], [1, 1]]
[45, 3, [1, 0], [2, 0], [2, 1]]
[45, 4, [0, 2], [1, 2], [2, 2]]
[45, 5, [0, 3], [1, 3], [2, 3]]
[45, 6, [0, 4], [0, 5], [1, 5]]
[46, 1, [0, 5], [1, 5], [2, 5]]
[46, 2, [0, 0], [1, 0], [2, 0]]
[46, 3, [0, 1], [1, 1], [2, 1]]
[46, 4, [0, 2], [1, 2], [0, 3]]
[46, 5, [1, 3], [2, 3], [2, 2]]
[46, 6, [0, 4], [1, 4], [2, 4]]
[47, 1, [1, 5], [2, 5], [2, 4]]
[47, 2, [0, 0], [1, 0], [2, 0]]
[47, 3, [0, 1], [0, 2], [0, 3]]
[47, 4, [1, 1], [2, 1], [2, 2]]
[47, 5, [1, 2], [1, 3], [2, 3]]
[47, 6, [0, 4], [1, 4], [0, 5]]
[48, 1, [1, 4], [2, 4], [2, 5]]
[48, 2, [0, 0], [1, 0], [0, 1]]
[48, 3, [1, 1], [2, 1], [2, 0]]
[48, 4, [0, 2], [1, 2], [0, 3]]
[48, 5, [1, 3], [2, 3], [2, 2]]
[48, 6, [0, 4], [0, 5], [1, 5]]
[49, 1, [1, 4], [1, 5], [0, 5]]
[49, 2, [0, 0], [0, 1], [0, 2]]
[49, 3, [1, 0], [2, 0], [1, 1]]
[49, 4, [1, 2], [2, 1], [2, 2]]
[49, 5, [1, 3], [0, 3], [0, 4]]
[49, 6, [2, 3], [2, 4], [2, 5]]
[50, 1, [2, 3], [2, 4], [2, 5]]
[50, 2, [0, 0], [1, 0], [2, 0]]
[50, 3, [0, 1], [1, 1], [0, 2]]
[50, 4, [1, 2], [2, 2], [2, 1]]
[50, 5, [0, 3], [0, 4], [0, 5]]
[50, 6, [1, 3], [1, 4], [1, 5]]
[51, 1, [1, 5], [2, 4], [2, 5]]
[51, 2, [0, 0], [0, 1], [0, 2]]
[51, 3, [1, 0], [2, 0], [2, 1]]
[51, 4, [1, 1], [1, 2], [2, 2]]
[51, 5, [0, 3], [0, 4], [0, 5]]
[51, 6, [1, 3], [2, 3], [1, 4]]
[52, 1, [1, 5], [2, 4], [2, 5]]
[52, 2, [0, 0], [1, 0], [2, 0]]
[52, 3, [0, 1], [1, 1], [2, 1]]
[52, 4, [0, 2], [1, 2], [2, 2]]
[52, 5, [0, 3], [1, 3], [2, 3]]
[52, 6, [0, 4], [0, 5], [1, 4]]
[53, 1, [2, 4], [2, 5], [1, 5]]
[53, 2, [0, 0], [1, 0], [2, 0]]
[53, 3, [1, 1], [2, 1], [2, 2]]
[53, 4, [0, 1], [0, 2], [1, 2]]
[53, 5, [0, 3], [0, 4], [0, 5]]
[53, 6, [1, 3], [1, 4], [2, 3]]
[54, 1, [0, 5], [1, 5], [2, 5]]
[54, 2, [1, 0], [0, 0], [0, 1]]
[54, 3, [2, 0], [2, 1], [1, 1]]
[54, 4, [0, 2], [0, 3], [1, 3]]
[54, 5, [1, 2], [2, 2], [2, 3]]
[54, 6, [0, 4], [1, 4], [2, 4]]
[55, 1, [0, 5], [1, 5], [2, 5]]
[55, 2, [0, 0], [0, 1], [0, 2]]
[55, 3, [1, 0], [1, 1], [1, 2]]
[55, 4, [2, 0], [2, 1], [2, 2]]
[55, 5, [0, 3], [0, 4], [1, 3]]
[55, 6, [2, 3], [1, 4], [2, 4]]
[56, 1, [0, 4], [0, 5], [1, 5]]
[56, 2, [0, 0], [1, 0], [1, 1]]
[56, 3, [2, 0], [2, 1], [2, 2]]
[56, 4, [0, 1], [0, 2], [0, 3]]
[56, 5, [1, 2], [1, 3], [2, 3]]
[56, 6, [2, 4], [2, 5], [1, 4]]
[57, 1, [0, 5], [1, 5], [2, 5]]
[57, 2, [0, 0], [1, 0], [2, 0]]
[57, 3, [0, 1], [0, 2], [1, 2]]
[57, 4, [1, 1], [2, 1], [2, 2]]
[57, 5, [0, 3], [0, 4], [1, 4]]
[57, 6, [1, 3], [2, 3], [2, 4]]
[58, 1, [0, 5], [1, 5], [2, 5]]
[58, 2, [0, 0], [1, 0], [2, 0]]
[58, 3, [0, 1], [1, 1], [2, 1]]
[58, 4, [0, 2], [1, 2], [2, 2]]
[58, 5, [0, 3], [1, 3], [2, 3]]
[58, 6, [0, 4], [1, 4], [2, 4]]
[59, 1, [2, 4], [2, 5], [1, 5]]
[59, 2, [0, 0], [1, 0], [2, 0]]
[59, 3, [0, 1], [1, 1], [1, 2]]
[59, 4, [2, 1], [2, 2], [2, 3]]
[59, 5, [0, 2], [0, 3], [1, 3]]
[59, 6, [0, 5], [0, 4], [1, 4]]
[60, 1, [0, 5], [1, 5], [2, 5]]
[60, 2, [1, 0], [0, 0], [0, 1]]
[60, 3, [2, 0], [2, 1], [1, 1]]
[60, 4, [0, 2], [1, 2], [1, 3]]
[60, 5, [2, 2], [2, 3], [2, 4]]
[60, 6, [0, 3], [0, 4], [1, 4]]
[61, 1, [1, 4], [1, 5], [0, 5]]
[61, 2, [0, 0], [0, 1], [0, 2]]
[61, 3, [1, 0], [1, 1], [1, 2]]
[61, 4, [2, 0], [2, 1], [2, 2]]
[61, 5, [1, 3], [0, 3], [0, 4]]
[61, 6, [2, 3], [2, 4], [2, 5]]
[62, 1, [1, 5], [2, 5], [2, 4]]
[62, 2, [0, 0], [1, 0], [0, 1]]
[62, 3, [1, 1], [2, 1], [2, 0]]
[62, 4, [0, 2], [1, 2], [2, 2]]
[62, 5, [0, 3], [1, 3], [2, 3]]
[62, 6, [0, 4], [1, 4], [0, 5]]
[63, 1, [0, 5], [1, 5], [2, 5]]
[63, 2, [0, 0], [1, 0], [2, 0]]
[63, 3, [0, 1], [1, 1], [2, 1]]
[63, 4, [0, 2], [0, 3], [1, 3]]
[63, 5, [1, 2], [2, 2], [2, 3]]
[63, 6, [0, 4], [1, 4], [2, 4]]
[64, 1, [1, 4], [2, 4], [2, 5]]
[64, 2, [0, 0], [1, 0], [2, 0]]
[64, 3, [1, 1], [0, 1], [0, 2]]
[64, 4, [2, 1], [2, 2], [2, 3]]
[64, 5, [1, 2], [1, 3], [0, 3]]
[64, 6, [0, 4], [0, 5], [1, 5]]
[65, 1, [1, 5], [2, 5], [2, 4]]
[65, 2, [0, 0], [0, 1], [1, 1]]
[65, 3, [1, 0], [2, 0], [2, 1]]
[65, 4, [0, 2], [0, 3], [1, 3]]
[65, 5, [1, 2], [2, 2], [2, 3]]
[65, 6, [0, 4], [1, 4], [0, 5]]
[66, 1, [1, 4], [1, 5], [2, 5]]
[66, 2, [0, 0], [1, 0], [1, 1]]
[66, 3, [2, 0], [2, 1], [2, 2]]
[66, 4, [0, 1], [0, 2], [1, 2]]
[66, 5, [0, 3], [0, 4], [0, 5]]
[66, 6, [1, 3], [2, 3], [2, 4]]
[67, 1, [2, 3], [2, 4], [2, 5]]
[67, 2, [0, 0], [1, 0], [2, 0]]
[67, 3, [0, 1], [0, 2], [1, 2]]
[67, 4, [1, 1], [2, 1], [2, 2]]
[67, 5, [0, 3], [0, 4], [0, 5]]
[67, 6, [1, 3], [1, 4], [1, 5]]
[68, 1, [0, 4], [0, 5], [1, 5]]
[68, 2, [1, 0], [0, 0], [0, 1]]
[68, 3, [2, 0], [2, 1], [2, 2]]
[68, 4, [1, 1], [1, 2], [0, 2]]
[68, 5, [0, 3], [1, 3], [1, 4]]
[68, 6, [2, 3], [2, 4], [2, 5]]
[69, 1, [0, 5], [1, 5], [2, 5]]
[69, 2, [0, 0], [1, 0], [2, 0]]
[69, 3, [0, 1], [1, 1], [2, 1]]
[69, 4, [0, 2], [1, 2], [2, 2]]
[69, 5, [0, 3], [0, 4], [1, 4]]
[69, 6, [1, 3], [2, 3], [2, 4]]
[70, 1, [0, 5], [1, 5], [2, 5]]
[70, 2, [0, 0], [1, 0], [2, 0]]
[70, 3, [0, 1], [0, 2], [0, 3]]
[70, 4, [1, 1], [1, 2], [1, 3]]
[70, 5, [2, 1], [2, 2], [2, 3]]
[70, 6, [0, 4], [1, 4], [2, 4]]
[71, 1, [2, 4], [2, 5], [1, 5]]
[71, 2, [0, 0], [0, 1], [1, 1]]
[71, 3, [1, 0], [2, 0], [2, 1]]
[71, 4, [1, 2], [0, 2], [0, 3]]
[71, 5, [2, 2], [2, 3], [1, 3]]
[71, 6, [1, 4], [0, 4], [0, 5]]
[72, 1, [0, 5], [1, 5], [2, 5]]
[72, 2, [0, 0], [0, 1], [0, 2]]
[72, 3, [1, 0], [2, 0], [2, 1]]
[72, 4, [1, 1], [1, 2], [2, 2]]
[72, 5, [0, 3], [0, 4], [1, 4]]
[72, 6, [1, 3], [2, 3], [2, 4]]
[73, 1, [0, 5], [1, 5], [2, 5]]
[73, 2, [0, 0], [0, 1], [0, 2]]
[73, 3, [1, 0], [2, 0], [1, 1]]
[73, 4, [2, 1], [2, 2], [2, 3]]
[73, 5, [1, 2], [1, 3], [0, 3]]
[73, 6, [0, 4], [1, 4], [2, 4]]
[74, 1, [0, 5], [1, 5], [2, 5]]
[74, 2, [0, 0], [1, 0], [2, 0]]
[74, 3, [1, 1], [0, 1], [0, 2]]
[74, 4, [2, 1], [2, 2], [1, 2]]
[74, 5, [1, 3], [2, 3], [2, 4]]
[74, 6, [1, 4], [0, 4], [0, 3]]
[75, 1, [0, 5], [1, 5], [2, 5]]
[75, 2, [0, 0], [1, 0], [2, 0]]
[75, 3, [0, 1], [1, 1], [2, 1]]
[75, 4, [0, 2], [0, 3], [0, 4]]
[75, 5, [1, 2], [2, 2], [2, 3]]
[75, 6, [1, 3], [1, 4], [2, 4]]
[76, 1, [0, 5], [1, 5], [2, 5]]
[76, 2, [0, 0], [1, 0], [2, 0]]
[76, 3, [1, 1], [1, 2], [2, 1]]
[76, 4, [0, 1], [0, 2], [0, 3]]
[76, 5, [2, 2], [2, 3], [2, 4]]
[76, 6, [1, 3], [1, 4], [0, 4]]
[77, 1, [0, 5], [1, 5], [2, 5]]
[77, 2, [0, 0], [1, 0], [0, 1]]
[77, 3, [1, 1], [2, 1], [2, 0]]
[77, 4, [0, 2], [0, 3], [0, 4]]
[77, 5, [1, 2], [2, 2], [2, 3]]
[77, 6, [1, 3], [1, 4], [2, 4]]
[78, 1, [1, 4], [1, 5], [2, 5]]
[78, 2, [0, 0], [0, 1], [0, 2]]
[78, 3, [1, 0], [2, 0], [2, 1]]
[78, 4, [1, 1], [1, 2], [2, 2]]
[78, 5, [0, 3], [0, 4], [0, 5]]
[78, 6, [1, 3], [2, 3], [2, 4]]
[79, 1, [0, 5], [1, 5], [2, 5]]
[79, 2, [0, 0], [0, 1], [1, 1]]
[79, 3, [1, 0], [2, 0], [2, 1]]
[79, 4, [0, 2], [1, 2], [2, 2]]
[79, 5, [0, 3], [0, 4], [1, 4]]
[79, 6, [1, 3], [2, 3], [2, 4]]
[80, 1, [1, 5], [2, 5], [2, 4]]
[80, 2, [0, 0], [1, 0], [2, 0]]
[80, 3, [0, 1], [1, 1], [2, 1]]
[80, 4, [0, 2], [1, 2], [0, 3]]
[80, 5, [1, 3], [2, 3], [2, 2]]
[80, 6, [0, 4], [1, 4], [0, 5]]
[81, 1, [1, 5], [2, 5], [2, 4]]
[81, 2, [0, 0], [1, 0], [2, 0]]
[81, 3, [0, 1], [0, 2], [0, 3]]
[81, 4, [1, 1], [2, 1], [1, 2]]
[81, 5, [1, 3], [2, 2], [2, 3]]
[81, 6, [0, 4], [1, 4], [0, 5]]
[82, 1, [0, 5], [1, 5], [2, 5]]
[82, 2, [0, 0], [0, 1], [1, 1]]
[82, 3, [1, 0], [2, 0], [2, 1]]
[82, 4, [0, 2], [0, 3], [0, 4]]
[82, 5, [1, 2], [1, 3], [1, 4]]
[82, 6, [2, 2], [2, 3], [2, 4]]
[83, 1, [2, 3], [2, 4], [2, 5]]
[83, 2, [0, 0], [0, 1], [0, 2]]
[83, 3, [1, 0], [2, 0], [2, 1]]
[83, 4, [1, 1], [1, 2], [2, 2]]
[83, 5, [0, 3], [0, 4], [0, 5]]
[83, 6, [1, 3], [1, 4], [1, 5]]
[84, 1, [1, 4], [1, 5], [2, 5]]
[84, 2, [0, 0], [1, 0], [2, 0]]
[84, 3, [0, 1], [1, 1], [0, 2]]
[84, 4, [1, 2], [2, 2], [2, 1]]
[84, 5, [0, 3], [0, 4], [0, 5]]
[84, 6, [1, 3], [2, 3], [2, 4]]
[85, 1, [0, 5], [1, 5], [1, 4]]
[85, 2, [0, 0], [1, 0], [0, 1]]
[85, 3, [1, 1], [2, 1], [2, 0]]
[85, 4, [0, 2], [0, 3], [0, 4]]
[85, 5, [1, 2], [1, 3], [2, 2]]
[85, 6, [2, 3], [2, 4], [2, 5]]
[86, 1, [0, 5], [1, 5], [2, 5]]
[86, 2, [0, 0], [1, 0], [2, 0]]
[86, 3, [0, 1], [1, 1], [2, 1]]
[86, 4, [0, 2], [1, 2], [2, 2]]
[86, 5, [0, 3], [0, 4], [1, 3]]
[86, 6, [1, 4], [2, 3], [2, 4]]
[87, 1, [2, 3], [2, 4], [2, 5]]
[87, 2, [0, 0], [1, 0], [2, 0]]
[87, 3, [0, 1], [1, 1], [2, 1]]
[87, 4, [0, 2], [1, 2], [2, 2]]
[87, 5, [0, 3], [0, 4], [0, 5]]
[87, 6, [1, 3], [1, 4], [1, 5]]
[88, 1, [2, 5], [2, 4], [1, 4]]
[88, 2, [1, 0], [0, 0], [0, 1]]
[88, 3, [2, 0], [2, 1], [1, 1]]
[88, 4, [0, 2], [0, 3], [1, 3]]
[88, 5, [2, 3], [2, 2], [1, 2]]
[88, 6, [0, 4], [0, 5], [1, 5]]
[89, 1, [0, 5], [1, 5], [2, 5]]
[89, 2, [0, 0], [1, 0], [0, 1]]
[89, 3, [2, 0], [2, 1], [2, 2]]
[89, 4, [1, 1], [1, 2], [0, 2]]
[89, 5, [1, 3], [0, 3], [0, 4]]
[89, 6, [1, 4], [2, 4], [2, 3]]
[90, 1, [0, 5], [1, 5], [2, 5]]
[90, 2, [0, 0], [1, 0], [1, 1]]
[90, 3, [2, 0], [2, 1], [2, 2]]
[90, 4, [1, 2], [1, 3], [2, 3]]
[90, 5, [0, 1], [0, 2], [0, 3]]
[90, 6, [0, 4], [1, 4], [2, 4]]
[91, 1, [0, 5], [1, 5], [2, 5]]
[91, 2, [0, 0], [1, 0], [2, 0]]
[91, 3, [0, 1], [0, 2], [1, 2]]
[91, 4, [1, 1], [2, 1], [2, 2]]
[91, 5, [1, 3], [0, 3], [0, 4]]
[91, 6, [2, 3], [2, 4], [1, 4]]
[92, 1, [0, 5], [1, 5], [2, 5]]
[92, 2, [0, 0], [1, 0], [2, 0]]
[92, 3, [0, 1], [1, 1], [2, 1]]
[92, 4, [0, 2], [0, 3], [1, 2]]
[92, 5, [2, 2], [2, 3], [2, 4]]
[92, 6, [0, 4], [1, 4], [1, 3]]
[93, 1, [0, 5], [1, 5], [2, 5]]
[93, 2, [0, 0], [1, 0], [2, 0]]
[93, 3, [0, 1], [1, 1], [1, 2]]
[93, 4, [2, 1], [2, 2], [2, 3]]
[93, 5, [0, 2], [0, 3], [0, 4]]
[93, 6, [1, 3], [1, 4], [2, 4]]
[94, 1, [0, 5], [1, 5], [2, 5]]
[94, 2, [0, 0], [0, 1], [1, 1]]
[94, 3, [1, 0], [2, 0], [2, 1]]
[94, 4, [1, 2], [0, 2], [0, 3]]
[94, 5, [2, 2], [2, 3], [2, 4]]
[94, 6, [1, 3], [1, 4], [0, 4]]
[95, 1, [1, 4], [1, 5], [0, 5]]
[95, 2, [1, 0], [0, 0], [0, 1]]
[95, 3, [2, 0], [2, 1], [2, 2]]
[95, 4, [1, 1], [1, 2], [0, 2]]
[95, 5, [1, 3], [0, 3], [0, 4]]
[95, 6, [2, 3], [2, 4], [2, 5]]
[96, 1, [0, 5], [1, 5], [2, 5]]
[96, 2, [0, 0], [1, 0], [0, 1]]
[96, 3, [1, 1], [2, 1], [2, 0]]
[96, 4, [0, 2], [1, 2], [2, 2]]
[96, 5, [0, 3], [1, 3], [0, 4]]
[96, 6, [1, 4], [2, 4], [2, 3]]
[97, 1, [1, 4], [2, 4], [2, 5]]
[97, 2, [0, 0], [1, 0], [2, 0]]
[97, 3, [0, 1], [1, 1], [2, 1]]
[97, 4, [0, 2], [0, 3], [1, 3]]
[97, 5, [1, 2], [2, 2], [2, 3]]
[97, 6, [0, 4], [0, 5], [1, 5]]
[98, 1, [1, 4], [2, 4], [2, 5]]
[98, 2, [0, 0], [1, 0], [2, 0]]
[98, 3, [0, 1], [1, 1], [1, 2]]
[98, 4, [2, 1], [2, 2], [2, 3]]
[98, 5, [0, 2], [0, 3], [1, 3]]
[98, 6, [0, 4], [0, 5], [1, 5]]
[99, 1, [0, 5], [1, 5], [2, 5]]
[99, 2, [0, 0], [1, 0], [0, 1]]
[99, 3, [1, 1], [2, 1], [2, 0]]
[99, 4, [0, 2], [0, 3], [0, 4]]
[99, 5, [1, 2], [1, 3], [1, 4]]
[99, 6, [2, 2], [2, 3], [2, 4]]
[100, 1, [2, 3], [2, 4], [2, 5]]
[100, 2, [1, 0], [0, 0], [0, 1]]
[100, 3, [2, 0], [2, 1], [2, 2]]
[100, 4, [1, 1], [1, 2], [0, 2]]
[100, 5, [0, 3], [0, 4], [0, 5]]
[100, 6, [1, 3], [1, 4], [1, 5]]
[101, 1, [1, 4], [1, 5], [0, 5]]
[101, 2, [0, 0], [1, 0], [2, 0]]
[101, 3, [0, 1], [0, 2], [1, 2]]
[101, 4, [1, 1], [2, 1], [2, 2]]
[101, 5, [1, 3], [0, 3], [0, 4]]
[101, 6, [2, 3], [2, 4], [2, 5]]
[102, 1, [1, 4], [1, 5], [2, 5]]
[102, 2, [0, 0], [0, 1], [1, 1]]
[102, 3, [1, 0], [2, 0], [2, 1]]
[102, 4, [0, 2], [1, 2], [1, 3]]
[102, 5, [2, 2], [2, 3], [2, 4]]
[102, 6, [0, 3], [0, 4], [0, 5]]
[103, 1, [1, 5], [2, 4], [2, 5]]
[103, 2, [0, 0], [0, 1], [0, 2]]
[103, 3, [1, 0], [2, 0], [2, 1]]
[103, 4, [1, 1], [1, 2], [2, 2]]
[103, 5, [0, 3], [1, 3], [2, 3]]
[103, 6, [0, 4], [0, 5], [1, 4]]
[104, 1, [0, 5], [1, 5], [2, 5]]
[104, 2, [0, 0], [1, 0], [2, 0]]
[104, 3, [0, 1], [0, 2], [0, 3]]
[104, 4, [1, 1], [2, 1], [2, 2]]
[104, 5, [1, 2], [1, 3], [2, 3]]
[104, 6, [0, 4], [1, 4], [2, 4]]
[105, 1, [1, 4], [2, 4], [2, 5]]
[105, 2, [0, 0], [0, 1], [1, 1]]
[105, 3, [1, 0], [2, 0], [2, 1]]
[105, 4, [0, 2], [0, 3], [1, 2]]
[105, 5, [1, 3], [2, 2], [2, 3]]
[105, 6, [0, 4], [0, 5], [1, 5]]
[106, 1, [0, 5], [1, 5], [2, 5]]
[106, 2, [0, 0], [0, 1], [0, 2]]
[106, 3, [2, 0], [1, 0], [1, 1]]
[106, 4, [2, 1], [2, 2], [1, 2]]
[106, 5, [0, 3], [0, 4], [1, 4]]
[106, 6, [1, 3], [2, 3], [2, 4]]
[107, 1, [0, 5], [1, 5], [2, 5]]
[107, 2, [0, 0], [0, 1], [0, 2]]
[107, 3, [1, 0], [2, 0], [2, 1]]
[107, 4, [1, 1], [1, 2], [1, 3]]
[107, 5, [2, 2], [2, 3], [2, 4]]
[107, 6, [0, 3], [0, 4], [1, 4]]
[108, 1, [2, 3], [2, 4], [2, 5]]
[108, 2, [1, 0], [0, 0], [0, 1]]
[108, 3, [1, 1], [2, 1], [2, 0]]
[108, 4, [0, 2], [1, 2], [2, 2]]
[108, 5, [0, 3], [0, 4], [0, 5]]
[108, 6, [1, 3], [1, 4], [1, 5]]
[109, 1, [0, 5], [1, 5], [2, 5]]
[109, 2, [0, 0], [1, 0], [2, 0]]
[109, 3, [0, 1], [1, 1], [2, 1]]
[109, 4, [0, 2], [0, 3], [0, 4]]
[109, 5, [1, 2], [2, 2], [1, 3]]
[109, 6, [2, 3], [1, 4], [2, 4]]
[110, 1, [0, 4], [0, 5], [1, 5]]
[110, 2, [0, 0], [1, 0], [2, 0]]
[110, 3, [0, 1], [0, 2], [0, 3]]
[110, 4, [1, 1], [2, 1], [2, 2]]
[110, 5, [1, 2], [1, 3], [1, 4]]
[110, 6, [2, 3], [2, 4], [2, 5]]
[111, 1, [0, 5], [1, 5], [2, 5]]
[111, 2, [0, 0], [1, 0], [0, 1]]
[111, 3, [1, 1], [2, 1], [2, 0]]
[111, 4, [0, 2], [0, 3], [0, 4]]
[111, 5, [1, 2], [2, 2], [1, 3]]
[111, 6, [1, 4], [2, 3], [2, 4]]
[112, 1, [1, 4], [1, 5], [2, 5]]
[112, 2, [0, 0], [0, 1], [0, 2]]
[112, 3, [1, 0], [2, 0], [1, 1]]
[112, 4, [1, 2], [2, 1], [2, 2]]
[112, 5, [0, 3], [0, 4], [0, 5]]
[112, 6, [1, 3], [2, 3], [2, 4]]
[113, 1, [1, 4], [1, 5], [2, 5]]
[113, 2, [0, 0], [0, 1], [1, 1]]
[113, 3, [1, 0], [2, 0], [2, 1]]
[113, 4, [0, 2], [1, 2], [2, 2]]
[113, 5, [0, 3], [0, 4], [0, 5]]
[113, 6, [1, 3], [2, 3], [2, 4]]
[114, 1, [1, 5], [2, 4], [2, 5]]
[114, 2, [0, 0], [0, 1], [0, 2]]
[114, 3, [1, 0], [2, 0], [1, 1]]
[114, 4, [1, 2], [2, 1], [2, 2]]
[114, 5, [0, 3], [0, 4], [0, 5]]
[114, 6, [1, 3], [2, 3], [1, 4]]
[115, 1, [0, 5], [1, 5], [2, 5]]
[115, 2, [0, 0], [0, 1], [0, 2]]
[115, 3, [1, 0], [1, 1], [1, 2]]
[115, 4, [2, 0], [2, 1], [2, 2]]
[115, 5, [0, 3], [1, 3], [2, 3]]
[115, 6, [0, 4], [1, 4], [2, 4]]
[116, 1, [0, 5], [1, 5], [2, 5]]
[116, 2, [0, 0], [0, 1], [0, 2]]
[116, 3, [1, 0], [2, 0], [2, 1]]
[116, 4, [1, 1], [1, 2], [2, 2]]
[116, 5, [0, 3], [1, 3], [2, 3]]
[116, 6, [0, 4], [1, 4], [2, 4]]
[117, 1, [1, 4], [2, 4], [2, 5]]
[117, 2, [0, 0], [1, 0], [2, 0]]
[117, 3, [0, 1], [1, 1], [0, 2]]
[117, 4, [1, 2], [2, 2], [2, 1]]
[117, 5, [0, 3], [1, 3], [2, 3]]
[117, 6, [0, 4], [0, 5], [1, 5]]
[118, 1, [0, 5], [1, 5], [2, 5]]
[118, 2, [0, 0], [1, 0], [0, 1]]
[118, 3, [1, 1], [2, 1], [2, 0]]
[118, 4, [0, 2], [1, 2], [2, 2]]
[118, 5, [0, 3], [0, 4], [1, 4]]
[118, 6, [1, 3], [2, 3], [2, 4]]
[119, 1, [1, 4], [2, 4], [2, 5]]
[119, 2, [0, 0], [1, 0], [0, 1]]
[119, 3, [1, 1], [2, 1], [2, 0]]
[119, 4, [0, 2], [1, 2], [2, 2]]
[119, 5, [0, 3], [1, 3], [2, 3]]
[119, 6, [0, 4], [0, 5], [1, 5]]
[120, 1, [1, 4], [2, 4], [2, 5]]
[120, 2, [0, 0], [0, 1], [1, 0]]
[120, 3, [0, 2], [1, 1], [1, 2]]
[120, 4, [2, 0], [2, 1], [2, 2]]
[120, 5, [0, 3], [1, 3], [2, 3]]
[120, 6, [0, 4], [0, 5], [1, 5]]
[121, 1, [0, 5], [1, 5], [2, 5]]
[121, 2, [0, 0], [1, 0], [2, 0]]
[121, 3, [0, 1], [1, 1], [0, 2]]
[121, 4, [2, 1], [2, 2], [2, 3]]
[121, 5, [1, 2], [1, 3], [0, 3]]
[121, 6, [0, 4], [1, 4], [2, 4]]
[122, 1, [2, 4], [2, 5], [1, 5]]
[122, 2, [1, 0], [0, 0], [0, 1]]
[122, 3, [2, 0], [2, 1], [1, 1]]
[122, 4, [0, 2], [0, 3], [1, 3]]
[122, 5, [1, 2], [2, 2], [2, 3]]
[122, 6, [1, 4], [0, 4], [0, 5]]
[123, 1, [0, 5], [1, 5], [2, 5]]
[123, 2, [0, 0], [1, 0], [1, 1]]
[123, 3, [2, 0], [2, 1], [2, 2]]
[123, 4, [0, 1], [0, 2], [1, 2]]
[123, 5, [1, 3], [0, 3], [0, 4]]
[123, 6, [2, 3], [2, 4], [1, 4]]
[124, 1, [0, 5], [1, 5], [2, 5]]
[124, 2, [1, 0], [0, 0], [0, 1]]
[124, 3, [2, 0], [2, 1], [2, 2]]
[124, 4, [1, 1], [1, 2], [1, 3]]
[124, 5, [0, 2], [0, 3], [0, 4]]
[124, 6, [2, 3], [2, 4], [1, 4]]
[125, 1, [2, 3], [2, 4], [2, 5]]
[125, 2, [0, 0], [0, 1], [1, 1]]
[125, 3, [1, 0], [2, 0], [2, 1]]
[125, 4, [0, 2], [1, 2], [2, 2]]
[125, 5, [0, 3], [0, 4], [0, 5]]
[125, 6, [1, 3], [1, 4], [1, 5]]
[126, 1, [0, 5], [1, 5], [2, 5]]
[126, 2, [0, 0], [1, 0], [2, 0]]
[126, 3, [0, 1], [1, 1], [2, 1]]
[126, 4, [0, 2], [1, 2], [1, 3]]
[126, 5, [2, 2], [2, 3], [2, 4]]
[126, 6, [0, 3], [0, 4], [1, 4]]
[127, 1, [2, 4], [2, 5], [1, 5]]
[127, 2, [0, 0], [1, 0], [2, 0]]
[127, 3, [0, 1], [1, 1], [0, 2]]
[127, 4, [2, 1], [2, 2], [2, 3]]
[127, 5, [1, 2], [1, 3], [1, 4]]
[127, 6, [0, 3], [0, 4], [0, 5]]
[128, 1, [0, 5], [1, 5], [2, 5]]
[128, 2, [0, 0], [0, 1], [1, 1]]
[128, 3, [1, 0], [2, 0], [2, 1]]
[128, 4, [0, 2], [1, 2], [1, 3]]
[128, 5, [2, 2], [2, 3], [2, 4]]
[128, 6, [0, 3], [0, 4], [1, 4]]
[129, 1, [1, 4], [1, 5], [0, 5]]
[129, 2, [0, 0], [1, 0], [1, 1]]
[129, 3, [2, 0], [2, 1], [2, 2]]
[129, 4, [0, 1], [0, 2], [1, 2]]
[129, 5, [1, 3], [0, 3], [0, 4]]
[129, 6, [2, 3], [2, 4], [2, 5]]
[130, 1, [1, 4], [1, 5], [0, 5]]
[130, 2, [0, 0], [1, 0], [0, 1]]
[130, 3, [1, 1], [2, 1], [2, 0]]
[130, 4, [0, 2], [1, 2], [2, 2]]
[130, 5, [1, 3], [0, 3], [0, 4]]
[130, 6, [2, 3], [2, 4], [2, 5]]
[131, 1, [0, 4], [0, 5], [1, 5]]
[131, 2, [0, 0], [1, 0], [1, 1]]
[131, 3, [2, 0], [2, 1], [2, 2]]
[131, 4, [0, 1], [0, 2], [1, 2]]
[131, 5, [0, 3], [1, 3], [1, 4]]
[131, 6, [2, 3], [2, 4], [2, 5]]
[132, 1, [2, 3], [2, 4], [2, 5]]
[132, 2, [0, 0], [0, 1], [0, 2]]
[132, 3, [1, 0], [1, 1], [1, 2]]
[132, 4, [2, 0], [2, 1], [2, 2]]
[132, 5, [0, 3], [0, 4], [0, 5]]
[132, 6, [1, 3], [1, 4], [1, 5]]
[133, 1, [0, 5], [1, 5], [2, 5]]
[133, 2, [1, 0], [0, 0], [0, 1]]
[133, 3, [2, 0], [2, 1], [2, 2]]
[133, 4, [1, 1], [1, 2], [0, 2]]
[133, 5, [0, 3], [1, 3], [2, 3]]
[133, 6, [0, 4], [1, 4], [2, 4]]
[134, 1, [1, 5], [2, 5], [2, 4]]
[134, 2, [0, 0], [1, 0], [2, 0]]
[134, 3, [0, 1], [0, 2], [1, 2]]
[134, 4, [1, 1], [2, 1], [2, 2]]
[134, 5, [0, 3], [1, 3], [2, 3]]
[134, 6, [0, 4], [1, 4], [0, 5]]
[135, 1, [0, 5], [1, 5], [2, 5]]
[135, 2, [0, 0], [0, 1], [1, 1]]
[135, 3, [1, 0], [2, 0], [2, 1]]
[135, 4, [0, 2], [1, 2], [2, 2]]
[135, 5, [0, 3], [1, 3], [0, 4]]
[135, 6, [1, 4], [2, 4], [2, 3]]
[136, 1, [1, 5], [2, 5], [2, 4]]
[136, 2, [0, 0], [0, 1], [1, 1]]
[136, 3, [1, 0], [2, 0], [2, 1]]
[136, 4, [0, 2], [1, 2], [2, 2]]
[136, 5, [0, 3], [1, 3], [2, 3]]
[136, 6, [0, 4], [1, 4], [0, 5]]
[137, 1, [1, 4], [1, 5], [2, 5]]
[137, 2, [0, 0], [1, 0], [2, 0]]
[137, 3, [0, 1], [1, 1], [2, 1]]
[137, 4, [0, 2], [1, 2], [2, 2]]
[137, 5, [1, 3], [2, 3], [2, 4]]
[137, 6, [0, 3], [0, 4], [0, 5]]
[138, 1, [0, 5], [1, 5], [2, 5]]
[138, 2, [0, 0], [1, 0], [2, 0]]
[138, 3, [0, 1], [0, 2], [0, 3]]
[138, 4, [2, 1], [1, 1], [1, 2]]
[138, 5, [2, 2], [2, 3], [1, 3]]
[138, 6, [0, 4], [1, 4], [2, 4]]
[139, 1, [0, 5], [1, 5], [2, 5]]
[139, 2, [1, 0], [0, 0], [0, 1]]
[139, 3, [2, 0], [2, 1], [1, 1]]
[139, 4, [1, 2], [0, 2], [0, 3]]
[139, 5, [2, 2], [1, 3], [2, 3]]
[139, 6, [0, 4], [1, 4], [2, 4]]
[140, 1, [0, 5], [1, 5], [2, 5]]
[140, 2, [0, 0], [0, 1], [0, 2]]
[140, 3, [1, 0], [2, 0], [2, 1]]
[140, 4, [1, 1], [1, 2], [2, 2]]
[140, 5, [1, 3], [0, 3], [0, 4]]
[140, 6, [2, 3], [2, 4], [1, 4]]
[141, 1, [2, 4], [2, 5], [1, 5]]
[141, 2, [0, 0], [0, 1], [0, 2]]
[141, 3, [2, 0], [1, 0], [1, 1]]
[141, 4, [2, 1], [2, 2], [2, 3]]
[141, 5, [1, 2], [1, 3], [1, 4]]
[141, 6, [0, 3], [0, 4], [0, 5]]
[142, 1, [2, 5], [1, 5], [1, 4]]
[142, 2, [1, 0], [0, 0], [0, 1]]
[142, 3, [2, 0], [2, 1], [1, 1]]
[142, 4, [0, 2], [1, 2], [2, 2]]
[142, 5, [0, 3], [0, 4], [0, 5]]
[142, 6, [2, 4], [2, 3], [1, 3]]
[143, 1, [1, 4], [0, 5], [1, 5]]
[143, 2, [0, 0], [1, 0], [2, 0]]
[143, 3, [0, 1], [1, 1], [2, 1]]
[143, 4, [0, 2], [0, 3], [0, 4]]
[143, 5, [1, 2], [2, 2], [1, 3]]
[143, 6, [2, 3], [2, 4], [2, 5]]
[144, 1, [0, 5], [1, 5], [2, 5]]
[144, 2, [0, 0], [1, 0], [0, 1]]
[144, 3, [2, 0], [2, 1], [1, 1]]
[144, 4, [0, 2], [1, 2], [2, 2]]
[144, 5, [0, 3], [1, 3], [2, 3]]
[144, 6, [0, 4], [1, 4], [2, 4]]
[145, 1, [0, 5], [1, 5], [1, 4]]
[145, 2, [0, 0], [0, 1], [1, 1]]
[145, 3, [1, 0], [2, 0], [2, 1]]
[145, 4, [0, 2], [0, 3], [0, 4]]
[145, 5, [1, 2], [1, 3], [2, 2]]
[145, 6, [2, 3], [2, 4], [2, 5]]
[146, 1, [1, 5], [2, 4], [2, 5]]
[146, 2, [0, 0], [0, 1], [0, 2]]
[146, 3, [1, 0], [1, 1], [1, 2]]
[146, 4, [2, 0], [2, 1], [2, 2]]
[146, 5, [0, 3], [0, 4], [0, 5]]
[146, 6, [1, 3], [2, 3], [1, 4]]
[147, 1, [1, 4], [2, 4], [2, 5]]
[147, 2, [0, 0], [0, 1], [0, 2]]
[147, 3, [1, 0], [2, 0], [2, 1]]
[147, 4, [1, 1], [1, 2], [2, 2]]
[147, 5, [0, 3], [1, 3], [2, 3]]
[147, 6, [0, 4], [0, 5], [1, 5]]
[148, 1, [1, 4], [1, 5], [0, 5]]
[148, 2, [0, 0], [0, 1], [0, 2]]
[148, 3, [1, 0], [2, 0], [2, 1]]
[148, 4, [1, 1], [1, 2], [2, 2]]
[148, 5, [1, 3], [0, 3], [0, 4]]
[148, 6, [2, 3], [2, 4], [2, 5]]
[149, 1, [0, 4], [0, 5], [1, 5]]
[149, 2, [0, 0], [0, 1], [0, 2]]
[149, 3, [1, 0], [2, 0], [1, 1]]
[149, 4, [1, 2], [2, 1], [2, 2]]
[149, 5, [0, 3], [1, 3], [1, 4]]
[149, 6, [2, 3], [2, 4], [2, 5]]
[150, 1, [0, 5], [1, 5], [2, 5]]
[150, 2, [0, 0], [0, 1], [0, 2]]
[150, 3, [1, 0], [2, 0], [1, 1]]
[150, 4, [1, 2], [2, 1], [2, 2]]
[150, 5, [0, 3], [1, 3], [2, 3]]
[150, 6, [0, 4], [1, 4], [2, 4]]
[151, 1, [1, 4], [2, 4], [2, 5]]
[151, 2, [0, 0], [0, 1], [0, 2]]
[151, 3, [1, 0], [1, 1], [1, 2]]
[151, 4, [2, 0], [2, 1], [2, 2]]
[151, 5, [0, 3], [1, 3], [2, 3]]
[151, 6, [0, 4], [0, 5], [1, 5]]
[152, 1, [0, 4], [0, 5], [1, 5]]
[152, 2, [0, 0], [0, 1], [0, 2]]
[152, 3, [1, 0], [2, 0], [2, 1]]
[152, 4, [1, 1], [1, 2], [2, 2]]
[152, 5, [0, 3], [1, 3], [1, 4]]
[152, 6, [2, 3], [2, 4], [2, 5]]
[153, 1, [0, 5], [1, 5], [2, 5]]
[153, 2, [0, 0], [1, 0], [2, 0]]
[153, 3, [0, 1], [1, 1], [0, 2]]
[153, 4, [1, 2], [2, 2], [2, 1]]
[153, 5, [0, 3], [1, 3], [2, 3]]
[153, 6, [0, 4], [1, 4], [2, 4]]
[154, 1, [2, 3], [2, 4], [2, 5]]
[154, 2, [0, 0], [1, 0], [2, 0]]
[154, 3, [0, 1], [1, 1], [2, 1]]
[154, 4, [0, 2], [1, 2], [2, 2]]
[154, 5, [0, 3], [0, 4], [1, 3]]
[154, 6, [0, 5], [1, 5], [1, 4]]
[155, 1, [0, 5], [1, 5], [2, 5]]
[155, 2, [0, 0], [1, 0], [2, 0]]
[155, 3, [0, 1], [1, 1], [1, 2]]
[155, 4, [2, 3], [2, 2], [2, 1]]
[155, 5, [1, 3], [0, 3], [0, 2]]
[155, 6, [0, 4], [1, 4], [2, 4]]
[156, 1, [0, 5], [1, 5], [2, 5]]
[156, 2, [0, 0], [0, 1], [1, 1]]
[156, 3, [1, 0], [2, 0], [2, 1]]
[156, 4, [0, 2], [0, 3], [1, 3]]
[156, 5, [1, 2], [2, 2], [2, 3]]
[156, 6, [0, 4], [1, 4], [2, 4]]
[157, 1, [0, 5], [1, 5], [2, 5]]
[157, 2, [1, 0], [0, 0], [0, 1]]
[157, 3, [2, 0], [2, 1], [2, 2]]
[157, 4, [1, 1], [1, 2], [0, 2]]
[157, 5, [0, 3], [0, 4], [1, 4]]
[157, 6, [2, 4], [2, 3], [1, 3]]
[158, 1, [1, 5], [0, 5], [0, 4]]
[158, 2, [0, 0], [1, 0], [1, 1]]
[158, 3, [2, 0], [2, 1], [2, 2]]
[158, 4, [0, 1], [0, 2], [0, 3]]
[158, 5, [1, 2], [1, 3], [1, 4]]
[158, 6, [2, 3], [2, 4], [2, 5]]
[159, 1, [0, 5], [1, 5], [1, 4]]
[159, 2, [0, 0], [0, 1], [1, 1]]
[159, 3, [1, 0], [2, 0], [2, 1]]
[159, 4, [0, 2], [1, 2], [2, 2]]
[159, 5, [1, 3], [0, 3], [0, 4]]
[159, 6, [2, 3], [2, 4], [2, 5]]
[160, 1, [1, 4], [1, 5], [2, 5]]
[160, 2, [0, 0], [1, 0], [2, 0]]
[160, 3, [0, 1], [1, 1], [2, 1]]
[160, 4, [0, 2], [1, 2], [1, 3]]
[160, 5, [2, 2], [2, 3], [2, 4]]
[160, 6, [0, 3], [0, 4], [0, 5]]
[161, 1, [0, 5], [1, 5], [2, 5]]
[161, 2, [0, 0], [0, 1], [1, 1]]
[161, 3, [1, 0], [2, 0], [2, 1]]
[161, 4, [0, 2], [1, 2], [2, 2]]
[161, 5, [0, 3], [1, 3], [2, 3]]
[161, 6, [0, 4], [1, 4], [2, 4]]
[162, 1, [1, 4], [1, 5], [2, 5]]
[162, 2, [0, 0], [1, 0], [0, 1]]
[162, 3, [1, 1], [2, 1], [2, 0]]
[162, 4, [0, 2], [1, 2], [1, 3]]
[162, 5, [2, 2], [2, 3], [2, 4]]
[162, 6, [0, 3], [0, 4], [0, 5]]
[163, 1, [0, 4], [0, 5], [1, 5]]
[163, 2, [0, 0], [0, 1], [0, 2]]
[163, 3, [1, 0], [1, 1], [1, 2]]
[163, 4, [2, 0], [2, 1], [2, 2]]
[163, 5, [0, 3], [1, 3], [1, 4]]
[163, 6, [2, 3], [2, 4], [2, 5]]
[164, 1, [1, 5], [2, 5], [2, 4]]
[164, 2, [1, 0], [0, 0], [0, 1]]
[164, 3, [2, 0], [2, 1], [2, 2]]
[164, 4, [1, 1], [1, 2], [0, 2]]
[164, 5, [0, 3], [1, 3], [2, 3]]
[164, 6, [0, 4], [1, 4], [0, 5]]
[165, 1, [1, 4], [1, 5], [2, 5]]
[165, 2, [1, 0], [0, 0], [0, 1]]
[165, 3, [2, 0], [2, 1], [2, 2]]
[165, 4, [1, 1], [1, 2], [0, 2]]
[165, 5, [0, 3], [0, 4], [0, 5]]
[165, 6, [1, 3], [2, 3], [2, 4]]
[166, 1, [1, 5], [2, 4], [2, 5]]
[166, 2, [0, 0], [1, 0], [1, 1]]
[166, 3, [2, 0], [2, 1], [2, 2]]
[166, 4, [0, 1], [0, 2], [1, 2]]
[166, 5, [0, 3], [0, 4], [0, 5]]
[166, 6, [1, 3], [2, 3], [1, 4]]
[167, 1, [0, 5], [1, 5], [2, 5]]
[167, 2, [0, 0], [1, 0], [1, 1]]
[167, 3, [2, 0], [2, 1], [2, 2]]
[167, 4, [0, 1], [0, 2], [1, 2]]
[167, 5, [0, 3], [1, 3], [2, 3]]
[167, 6, [0, 4], [1, 4], [2, 4]]
[168, 1, [1, 5], [2, 5], [2, 4]]
[168, 2, [0, 0], [0, 1], [0, 2]]
[168, 3, [1, 0], [1, 1], [1, 2]]
[168, 4, [2, 0], [2, 1], [2, 2]]
[168, 5, [0, 3], [1, 3], [2, 3]]
[168, 6, [0, 4], [1, 4], [0, 5]]
[169, 1, [1, 5], [2, 4], [2, 5]]
[169, 2, [1, 0], [0, 0], [0, 1]]
[169, 3, [2, 0], [2, 1], [2, 2]]
[169, 4, [1, 1], [1, 2], [0, 2]]
[169, 5, [0, 3], [0, 4], [0, 5]]
[169, 6, [1, 3], [2, 3], [1, 4]]
[170, 1, [0, 5], [1, 5], [2, 5]]
[170, 2, [0, 0], [1, 0], [2, 0]]
[170, 3, [0, 1], [0, 2], [1, 2]]
[170, 4, [1, 1], [2, 1], [2, 2]]
[170, 5, [0, 3], [1, 3], [2, 3]]
[170, 6, [0, 4], [1, 4], [2, 4]]